100
9 9
12 10 9 4 18 3 19 9 7 
2 2
11 15 
7 2
14 14 16 10 7 4 18 
7 5
3 9 19 3 16 1 12 
2 2
9 11 
3 1
12 8 12 
1 1
16 
10 4
17 7 12 16 2 4 15 18 16 13 
1 1
15 
1 1
4 
5 3
2 11 8 14 18 
4 1
7 16 3 11 
6 4
11 8 9 16 1 19 
4 3
12 19 8 8 
8 4
18 10 9 12 20 15 10 18 
6 3
5 7 8 5 15 18 
6 5
17 13 12 12 13 20 
7 3
14 10 14 1 7 10 3 
5 2
4 20 3 4 3 
6 1
14 9 3 7 3 1 
2 1
15 9 
6 4
8 12 16 15 15 17 
1 1
16 
1 1
9 
7 5
4 2 17 16 15 16 18 
10 9
18 20 11 6 18 8 19 7 8 6 
6 5
4 13 6 11 9 19 
4 2
8 11 2 1 
7 5
9 8 15 19 11 5 2 
2 1
8 20 
9 6
11 1 6 20 15 20 18 18 11 
3 2
1 13 12 
8 1
18 6 20 1 9 7 15 7 
5 2
5 18 14 9 11 
5 5
1 9 11 4 13 
9 4
10 14 18 17 11 11 2 15 20 
4 2
13 20 10 15 
2 2
10 20 
2 2
4 9 
3 2
12 15 6 
7 4
16 18 19 16 19 15 12 
8 2
15 9 10 6 9 13 6 11 
5 3
1 17 7 10 9 
7 1
13 9 16 8 19 10 1 
8 6
3 5 18 17 15 12 10 7 
8 1
12 2 6 14 19 1 1 2 
2 1
20 7 
1 1
14 
9 9
12 10 13 11 12 15 20 19 9 
8 8
4 6 10 3 2 9 1 2 
1 1
3 
8 7
12 13 7 19 15 14 2 7 
3 2
13 15 3 
6 3
18 8 3 17 11 16 
10 4
20 1 9 1 12 14 2 2 19 10 
4 4
11 13 2 11 
10 2
20 6 7 18 2 11 14 18 20 12 
2 1
18 12 
10 5
13 8 11 6 5 14 5 3 9 11 
6 3
16 11 12 16 13 17 
3 1
9 8 7 
8 3
6 7 7 20 6 3 14 13 
7 5
13 18 18 1 11 4 8 
9 7
17 2 16 14 10 5 5 5 5 
10 2
13 16 17 7 18 6 15 12 10 17 
10 4
10 20 4 13 19 13 15 3 1 5 
10 2
18 11 9 14 6 2 4 3 6 19 
7 7
18 11 15 12 3 17 8 
9 5
2 18 12 10 12 20 13 4 1 
2 1
7 20 
10 7
9 1 16 17 9 5 16 18 14 15 
8 4
2 13 6 3 11 6 8 4 
2 2
6 3 
5 1
19 9 18 1 3 
6 5
4 20 17 12 12 8 
3 3
14 12 8 
10 1
16 9 11 7 16 10 18 13 15 2 
1 1
17 
8 5
6 2 3 11 5 13 10 15 
5 4
15 20 20 4 3 
2 1
2 20 
3 2
4 13 19 
6 3
12 3 13 6 5 19 
7 7
3 13 2 11 17 8 9 
6 3
9 9 20 17 19 17 
6 3
1 4 10 17 7 10 
3 3
3 1 14 
9 8
1 12 16 18 1 2 14 9 19 
6 2
14 13 6 11 7 18 
6 1
12 5 4 12 15 8 
6 2
20 15 12 12 17 6 
8 5
13 13 1 4 6 10 20 12 
8 8
7 9 16 14 11 15 5 2 
3 3
10 7 2 
8 8
13 10 20 6 7 16 3 10 
7 6
20 9 4 9 8 14 2 
5 3
19 15 20 16 1 
8 2
13 4 13 7 11 10 2 6 
10 8
9 11 17 10 19 18 9 4 12 9 
9 6
4 13 19 19 3 5 18 14 15 
